10
0 0 0
0 1 45
0 2 43.382
0 3 11
0 4 36.6879
0 5 20.8806
0 6 39.8246
0 7 33.5261
0 8 34.3657
0 9 47.4236
1 0 45
1 1 0
1 2 8.544
1 3 52.345
1 4 38.0132
1 5 30.8058
1 6 11.7047
1 7 37.2156
1 8 22.0907
1 9 8.94427
2 0 43.382
2 1 8.544
2 2 0
2 3 49.2037
2 4 30.2655
2 5 33.0151
2 6 18.4391
2 7 29.8329
2 8 14.8661
2 9 17.4642
3 0 11
3 1 52.345
3 2 49.2037
3 3 0
3 4 35
3 5 31.5753
3 6 48.8774
3 7 32.0156
3 8 37.5766
3 9 56.0357
4 0 36.6879
4 1 38.0132
4 2 30.2655
4 3 35
4 4 0
4 5 42.45
4 6 43.1741
4 7 3.16228
4 8 16.0312
4 9 46.0977
5 0 20.8806
5 1 30.8058
5 2 33.0151
5 3 31.5753
5 4 42.45
5 5 0
5 6 21.9545
5 7 39.6989
5 8 31.7648
5 9 30.0167
6 0 39.8246
6 1 11.7047
6 2 18.4391
6 3 48.8774
6 4 43.1741
6 5 21.9545
6 6 0
6 7 41.5933
6 8 27.5136
6 9 8.06226
7 0 33.5261
7 1 37.2156
7 2 29.8329
7 3 32.0156
7 4 3.16228
7 5 39.6989
7 6 41.5933
7 7 0
7 8 15.1327
7 9 45
8 0 34.3657
8 1 22.0907
8 2 14.8661
8 3 37.5766
8 4 16.0312
8 5 31.7648
8 6 27.5136
8 7 15.1327
8 8 0
8 9 30.0666
9 0 47.4236
9 1 8.94427
9 2 17.4642
9 3 56.0357
9 4 46.0977
9 5 30.0167
9 6 8.06226
9 7 45
9 8 30.0666
9 9 0
