30
0 0 0
0 1 39.9625
0 2 30.5941
0 3 61.2944
0 4 33.6006
0 5 36.4005
0 6 31.7805
0 7 29.8329
0 8 31.3847
0 9 43.0465
0 10 27.313
0 11 15.8114
0 12 66.0984
0 13 30.2655
0 14 56.3205
0 15 62.1691
0 16 7.61577
0 17 4.12311
0 18 30.6105
0 19 44.5982
0 20 8.06226
0 21 31
0 22 27.2029
0 23 36.2215
0 24 85.5628
0 25 68.0294
0 26 8.24621
0 27 62.0725
0 28 83.4865
0 29 38.4187
1 0 39.9625
1 1 0
1 2 15.5242
1 3 30
1 4 73.4983
1 5 5.09902
1 6 22.4722
1 7 46.4866
1 8 23.4094
1 9 20
1 10 33.2415
1 11 55.7584
1 12 29.0172
1 13 31.3209
1 14 26.6271
1 15 52.8015
1 16 46.4004
1 17 37.2022
1 18 70.4557
1 19 12.6491
1 20 44.3847
1 21 21.2132
1 22 50.01
1 23 40.8534
1 24 47.7074
1 25 59.203
1 26 34.5398
1 27 33.2866
1 28 45
1 29 58.6941
2 0 30.5941
2 1 15.5242
2 2 0
2 3 45.1774
2 4 62.6498
2 5 16.0312
2 6 28.6007
2 7 31.0161
2 8 29.2062
2 9 32.0156
2 10 17.72
2 11 45.5412
2 12 35.8469
2 13 35.3836
2 14 26
2 15 42.0119
2 16 35.4683
2 17 26.9258
2 18 59.5063
2 19 27
2 20 37.054
2 21 6.08276
2 22 48.7032
2 23 45.3431
2 24 62.6498
2 25 69.7711
2 26 28.0713
2 27 32.1403
2 28 59.6825
2 29 59.0931
3 0 61.2944
3 1 30
3 2 45.1774
3 3 0
3 4 93.6056
3 5 29.4279
3 6 30.4138
3 7 75.505
3 8 31.1127
3 9 18.4391
3 10 62.6498
3 11 76.2168
3 12 42.45
3 13 36.6197
3 14 50.0899
3 15 81.0432
3 16 68.7968
3 17 60.0333
3 18 90.9065
3 19 18.4391
3 20 62.3699
3 21 51.0882
3 22 57.8014
3 23 40.8534
3 24 27.8568
3 25 39.8121
3 26 53.6004
3 27 55.5698
3 28 27.6586
3 29 61.6847
4 0 33.6006
4 1 73.4983
4 2 62.6498
4 3 93.6056
4 4 0
4 5 70
4 6 63.2535
4 7 46.0977
4 8 62.6259
4 9 75.1665
4 10 52.7731
4 11 17.8045
4 12 98.4886
4 13 58.8303
4 14 86.977
4 15 83.2947
4 16 27.2947
4 17 36.3593
4 18 3.16228
4 19 77.8332
4 20 31.241
4 21 61.3514
4 22 43.4166
4 23 60.5392
4 24 118.87
4 25 91.4822
4 26 40.3113
4 27 91.9239
4 28 116.932
4 29 50.0899
5 0 36.4005
5 1 5.09902
5 2 16.0312
5 3 29.4279
5 4 70
5 5 0
5 6 17.4642
5 7 46.0977
5 8 18.3848
5 9 16.5529
5 10 33.2415
5 11 52.2015
5 12 34.0588
5 13 26.2488
5 14 31.3847
5 15 55.9464
5 16 43.1856
5 17 33.9706
5 18 67.0075
5 19 11.0454
5 20 40.2492
5 21 22.0907
5 22 45
5 23 35.8469
5 24 49.8197
5 25 55.4707
5 26 30.4138
5 27 38.0789
5 28 47.4236
5 29 53.6004
6 0 31.7805
6 1 22.4722
6 2 28.6007
6 3 30.4138
6 4 63.2535
6 5 17.4642
6 6 0
6 7 52.345
6 8 1
6 9 12.0416
6 10 41.7612
6 11 46.0435
6 12 50.8035
6 13 9.05539
6 14 48.7647
6 15 70.6045
6 16 39.3954
6 17 31.3209
6 18 60.6053
6 19 17.4642
6 20 32.0156
6 21 34.1321
6 22 29.8329
6 23 18.3848
6 24 56.8595
6 25 41.7852
6 26 23.7065
6 27 55.4707
6 28 55.5698
6 29 37.0135
7 0 29.8329
7 1 46.4866
7 2 31.0161
7 3 75.505
7 4 46.0977
7 5 46.0977
7 6 52.345
7 7 0
7 8 52.469
7 9 60.075
7 10 13.4164
7 11 34.9285
7 12 61.5224
7 13 55.0818
7 14 47.0106
7 15 37.2156
7 16 27.2029
7 17 26.6271
7 18 43.1856
7 19 57.0701
7 20 37.4833
7 21 25.9422
7 22 57.0088
7 23 63.3246
7 24 93.4719
7 25 93.3916
7 26 35.3553
7 27 50.2494
7 28 90.3549
7 29 68.2495
8 0 31.3847
8 1 23.4094
8 2 29.2062
8 3 31.1127
8 4 62.6259
8 5 18.3848
8 6 1
8 7 52.469
8 8 0
8 9 12.8062
8 10 42.0595
8 11 45.4863
8 12 51.788
8 13 8.06226
8 14 49.6488
8 15 71.218
8 16 39
8 17 31.0483
8 18 60
8 19 18.4391
8 20 31.4006
8 21 34.6699
8 22 28.8617
8 23 17.4642
8 24 57.6888
8 25 41.4367
8 26 23.2594
8 27 56.356
8 28 56.4358
8 29 36.0139
9 0 43.0465
9 1 20
9 2 32.0156
9 3 18.4391
9 4 75.1665
9 5 16.5529
9 6 12.0416
9 7 60.075
9 8 12.8062
9 9 0
9 10 48.0937
9 11 57.8014
9 12 44.3847
9 13 19.3132
9 14 46.0109
9 15 72.4707
9 16 50.6063
9 17 42.0476
9 18 72.4707
9 19 8.94427
9 20 43.9318
9 21 38.0789
9 22 40.8534
9 23 26.0192
9 24 44.9444
9 25 39.2046
9 26 35.2278
9 27 52.4976
9 28 43.8292
9 29 46.5296
10 0 27.313
10 1 33.2415
10 2 17.72
10 3 62.6498
10 4 52.7731
10 5 33.2415
10 6 41.7612
10 7 13.4164
10 8 42.0595
10 9 48.0937
10 10 0
10 11 38.0526
10 12 49.0408
10 13 46.0652
10 14 35.3553
10 15 34.8855
10 16 28.2843
10 17 23.2594
10 18 49.6488
10 19 44.2832
10 20 35.3412
10 21 12.53
10 22 52.6308
10 23 55.2268
10 24 80.0562
10 25 83.4865
10 26 29.8329
10 27 39.5601
10 28 76.9415
10 29 63.8905
11 0 15.8114
11 1 55.7584
11 2 45.5412
11 3 76.2168
11 4 17.8045
11 5 52.2015
11 6 46.0435
11 7 34.9285
11 8 45.4863
11 9 57.8014
11 10 38.0526
11 11 0
11 12 81.3449
11 13 42.5441
11 14 70.6116
11 15 71.3092
11 16 10.198
11 17 18.7883
11 18 14.8661
11 19 60.1082
11 20 14.3178
11 21 44.911
11 22 31.1448
11 23 45.8912
11 24 101.139
11 25 77.7817
11 26 22.6716
11 27 75.9539
11 28 99.1564
11 29 40.5216
12 0 66.0984
12 1 29.0172
12 2 35.8469
12 3 42.45
12 4 98.4886
12 5 34.0588
12 6 50.8035
12 7 61.5224
12 8 51.788
12 9 44.3847
12 10 49.0408
12 11 81.3449
12 12 0
12 13 59.8415
12 14 15.6525
12 15 47.5184
12 16 71.3092
12 17 62.6259
12 18 95.3415
12 19 35.4683
12 20 71.8053
12 21 37.7359
12 22 79.0253
12 23 68.884
12 24 41.1096
12 25 80.8022
12 26 62.1691
12 27 17.0294
12 28 37.054
12 29 87.5728
13 0 30.2655
13 1 31.3209
13 2 35.3836
13 3 36.6197
13 4 58.8303
13 5 26.2488
13 6 9.05539
13 7 55.0818
13 8 8.06226
13 9 19.3132
13 10 46.0652
13 11 42.5441
13 12 59.8415
13 13 0
13 14 57.2713
13 15 77.1557
13 16 37.6563
13 17 31
13 18 56.4358
13 19 26.1725
13 20 28.2312
13 21 40.3609
13 22 21.5407
13 23 10
13 24 64.0078
13 25 38.4708
13 26 22.0907
13 27 63.9766
13 28 63.0714
13 29 28
14 0 56.3205
14 1 26.6271
14 2 26
14 3 50.0899
14 4 86.977
14 5 31.3847
14 6 48.7647
14 7 47.0106
14 8 49.6488
14 9 46.0109
14 10 35.3553
14 11 70.6116
14 12 15.6525
14 13 57.2713
14 14 0
14 15 33
14 16 60.4152
14 17 52.469
14 18 83.8153
14 19 37.4833
14 20 63.0317
14 21 25.7099
14 22 73.7564
14 23 67.082
14 24 55.1453
14 25 84.8999
14 26 54.037
14 27 6.7082
14 28 51.2445
14 29 83.5225
15 0 62.1691
15 1 52.8015
15 2 42.0119
15 3 81.0432
15 4 83.2947
15 5 55.9464
15 6 70.6045
15 7 37.2156
15 8 71.218
15 9 72.4707
15 10 34.8855
15 11 71.3092
15 12 47.5184
15 13 77.1557
15 14 33
15 15 0
15 16 62.2977
15 17 58.1378
15 18 80.399
15 19 65.3911
15 20 70.214
15 21 36.7967
15 22 87.0919
15 23 87
15 24 88.0909
15 25 111.306
15 26 64.3506
15 27 30.5941
15 28 84.1487
15 29 98.2293
16 0 7.61577
16 1 46.4004
16 2 35.4683
16 3 68.7968
16 4 27.2947
16 5 43.1856
16 6 39.3954
16 7 27.2029
16 8 39
16 9 50.6063
16 10 28.2843
16 11 10.198
16 12 71.3092
16 13 37.6563
16 14 60.4152
16 15 62.2977
16 16 0
16 17 9.21954
16 18 24.1868
16 19 51.8556
16 20 11.7047
16 21 34.7131
16 22 31.7805
16 23 43.0116
16 24 92.6984
16 25 75.0067
16 26 15.8114
16 27 65.7647
16 28 90.5097
16 29 42.5441
17 0 4.12311
17 1 37.2022
17 2 26.9258
17 3 60.0333
17 4 36.3593
17 5 33.9706
17 6 31.3209
17 7 26.6271
17 8 31.0483
17 9 42.0476
17 10 23.2594
17 11 18.7883
17 12 62.6259
17 13 31
17 14 52.469
17 15 58.1378
17 16 9.21954
17 17 0
17 18 33.2866
17 19 42.8019
17 20 12.083
17 21 27.0185
17 22 30.4795
17 23 37.855
17 24 83.5464
17 25 69.2604
17 26 9.21954
17 27 58.1378
17 28 81.3204
17 29 41.7732
18 0 30.6105
18 1 70.4557
18 2 59.5063
18 3 90.9065
18 4 3.16228
18 5 67.0075
18 6 60.6053
18 7 43.1856
18 8 60
18 9 72.4707
18 10 49.6488
18 11 14.8661
18 12 95.3415
18 13 56.4358
18 14 83.8153
18 15 80.399
18 16 24.1868
18 17 33.2866
18 18 0
18 19 74.9667
18 20 28.6007
18 21 58.1893
18 22 41.7732
18 23 58.5235
18 24 116
18 25 89.7385
18 26 37.4833
18 27 88.7694
18 28 114.022
18 29 49
19 0 44.5982
19 1 12.6491
19 2 27
19 3 18.4391
19 4 77.8332
19 5 11.0454
19 6 17.4642
19 7 57.0701
19 8 18.4391
19 9 8.94427
19 10 44.2832
19 11 60.1082
19 12 35.4683
19 13 26.1725
19 14 37.4833
19 15 65.3911
19 16 51.8556
19 17 42.8019
19 18 74.9667
19 19 0
19 20 47.0106
19 21 33.0151
19 22 47.2969
19 23 34.1321
19 24 41.0366
19 25 47.4236
19 26 37.5366
19 27 43.8634
19 28 39.2046
19 29 54.0833
20 0 8.06226
20 1 44.3847
20 2 37.054
20 3 62.3699
20 4 31.241
20 5 40.2492
20 6 32.0156
20 7 37.4833
20 8 31.4006
20 9 43.9318
20 10 35.3412
20 11 14.3178
20 12 71.8053
20 13 28.2312
20 14 63.0317
20 15 70.214
20 16 11.7047
20 17 12.083
20 18 28.6007
20 19 47.0106
20 20 0
20 21 38.2099
20 22 20.1246
20 23 32.1403
20 24 87.9659
20 25 64.195
20 26 9.84886
20 27 69.0072
20 28 86.2148
20 29 31.0644
21 0 31
21 1 21.2132
21 2 6.08276
21 3 51.0882
21 4 61.3514
21 5 22.0907
21 6 34.1321
21 7 25.9422
21 8 34.6699
21 9 38.0789
21 10 12.53
21 11 44.911
21 12 37.7359
21 13 40.3609
21 14 25.7099
21 15 36.7967
21 16 34.7131
21 17 27.0185
21 18 58.1893
21 19 33.0151
21 20 38.2099
21 21 0
21 22 51.8941
21 23 50.2096
21 24 67.5426
21 25 75.5844
21 26 30.0832
21 27 31.1448
21 28 64.4127
21 29 62.6498
22 0 27.2029
22 1 50.01
22 2 48.7032
22 3 57.8014
22 4 43.4166
22 5 45
22 6 29.8329
22 7 57.0088
22 8 28.8617
22 9 40.8534
22 10 52.6308
22 11 31.1448
22 12 79.0253
22 13 21.5407
22 14 73.7564
22 15 87.0919
22 16 31.7805
22 17 30.4795
22 18 41.7732
22 19 47.2969
22 20 20.1246
22 21 51.8941
22 22 0
22 23 18.4391
22 24 85.4225
22 25 48.0833
22 26 22.8035
22 27 80.2808
22 28 84.5813
22 29 11.3137
23 0 36.2215
23 1 40.8534
23 2 45.3431
23 3 40.8534
23 4 60.5392
23 5 35.8469
23 6 18.3848
23 7 63.3246
23 8 17.4642
23 9 26.0192
23 10 55.2268
23 11 45.8912
23 12 68.884
23 13 10
23 14 67.082
23 15 87
23 16 43.0116
23 17 37.855
23 18 58.5235
23 19 34.1321
23 20 32.1403
23 21 50.2096
23 22 18.4391
23 23 0
23 24 68.7095
23 25 32.0624
23 26 28.6356
23 27 73.7902
23 28 68.3081
23 29 20.8806
24 0 85.5628
24 1 47.7074
24 2 62.6498
24 3 27.8568
24 4 118.87
24 5 49.8197
24 6 56.8595
24 7 93.4719
24 8 57.6888
24 9 44.9444
24 10 80.0562
24 11 101.139
24 12 41.1096
24 13 64.0078
24 14 55.1453
24 15 88.0909
24 16 92.6984
24 17 83.5464
24 18 116
24 19 41.0366
24 20 87.9659
24 21 67.5426
24 22 85.4225
24 23 68.7095
24 24 0
24 25 62.3939
24 26 78.5684
24 27 58.0345
24 28 4.12311
24 29 89.5377
25 0 68.0294
25 1 59.203
25 2 69.7711
25 3 39.8121
25 4 91.4822
25 5 55.4707
25 6 41.7852
25 7 93.3916
25 8 41.4367
25 9 39.2046
25 10 83.4865
25 11 77.7817
25 12 80.8022
25 13 38.4708
25 14 84.8999
25 15 111.306
25 16 75.0067
25 17 69.2604
25 18 89.7385
25 19 47.4236
25 20 64.195
25 21 75.5844
25 22 48.0833
25 23 32.0624
25 24 62.3939
25 25 0
25 26 60.1332
25 27 91.2195
25 28 63.9531
25 29 43.909
26 0 8.24621
26 1 34.5398
26 2 28.0713
26 3 53.6004
26 4 40.3113
26 5 30.4138
26 6 23.7065
26 7 35.3553
26 8 23.2594
26 9 35.2278
26 10 29.8329
26 11 22.6716
26 12 62.1691
26 13 22.0907
26 14 54.037
26 15 64.3506
26 16 15.8114
26 17 9.21954
26 18 37.4833
26 19 37.5366
26 20 9.84886
26 21 30.0832
26 22 22.8035
26 23 28.6356
26 24 78.5684
26 25 60.1332
26 26 0
26 27 60.208
26 28 76.6942
26 29 34.0588
27 0 62.0725
27 1 33.2866
27 2 32.1403
27 3 55.5698
27 4 91.9239
27 5 38.0789
27 6 55.4707
27 7 50.2494
27 8 56.356
27 9 52.4976
27 10 39.5601
27 11 75.9539
27 12 17.0294
27 13 63.9766
27 14 6.7082
27 15 30.5941
27 16 65.7647
27 17 58.1378
27 18 88.7694
27 19 43.8634
27 20 69.0072
27 21 31.1448
27 22 80.2808
27 23 73.7902
27 24 58.0345
27 25 91.2195
27 26 60.208
27 27 0
27 28 54.0093
27 29 90.1388
28 0 83.4865
28 1 45
28 2 59.6825
28 3 27.6586
28 4 116.932
28 5 47.4236
28 6 55.5698
28 7 90.3549
28 8 56.4358
28 9 43.8292
28 10 76.9415
28 11 99.1564
28 12 37.054
28 13 63.0714
28 14 51.2445
28 15 84.1487
28 16 90.5097
28 17 81.3204
28 18 114.022
28 19 39.2046
28 20 86.2148
28 21 64.4127
28 22 84.5813
28 23 68.3081
28 24 4.12311
28 25 63.9531
28 26 76.6942
28 27 54.0093
28 28 0
28 29 89.1852
29 0 38.4187
29 1 58.6941
29 2 59.0931
29 3 61.6847
29 4 50.0899
29 5 53.6004
29 6 37.0135
29 7 68.2495
29 8 36.0139
29 9 46.5296
29 10 63.8905
29 11 40.5216
29 12 87.5728
29 13 28
29 14 83.5225
29 15 98.2293
29 16 42.5441
29 17 41.7732
29 18 49
29 19 54.0833
29 20 31.0644
29 21 62.6498
29 22 11.3137
29 23 20.8806
29 24 89.5377
29 25 43.909
29 26 34.0588
29 27 90.1388
29 28 89.1852
29 29 0
